Sub,Path,Start,End
depression,data/Scrape/depression.csv,1590935400,1624537292
